FoilID,Total_Grade,printingDay,toKobeday,QCday,toCERNday,R_grade,R_mean[Mohm/sq],R_rms,GoodRatio[%],Max,Min,ratio_mu[CH/JP],ratio_rms[CH/JP],width_grade,width_mean[um],width_rms,pitch_grade,pitch_mean[um],pitch_rms,eta[mm]
SE8_00059,nan,nan,nan,nan,nan,A,0.84,0.18,100,1.65,0.56,nan,nan,A,326.9,20.3,A,425.5,16.4,473.4
SE8_00060,nan,nan,nan,nan,nan,A,0.84,0.16,100,1.47,0.6,nan,nan,A,327.5,21,A,425.5,16.7,473.4
SE8_00061,nan,nan,nan,nan,nan,A,0.84,0.17,100,1.7,0.59,nan,nan,A,326.8,20.6,A,425.5,16.7,473.5
SE8_00062,nan,nan,nan,nan,nan,A,0.82,0.14,100,1.44,0.55,nan,nan,A,326.2,20.3,A,425.5,16.4,473.4
SE8_00063,nan,nan,nan,nan,nan,A,0.86,0.2,100,1.71,0.55,nan,nan,A,326.7,20.6,A,425.6,16.5,473.5
SE8_00064,nan,nan,nan,nan,nan,A,0.86,0.18,100,1.68,0.53,nan,nan,A,327.1,20.4,A,425.6,16.6,473.5
SE8_00065,nan,nan,nan,nan,nan,A,0.95,0.23,100,1.88,0.63,nan,nan,A,328.5,20.9,A,425.6,16.8,473.5
SE8_00066,nan,nan,nan,nan,nan,A,0.92,0.18,100,1.76,0.56,nan,nan,A,327.5,20.4,A,425.6,16.6,473.5
SE8_00067,nan,nan,nan,nan,nan,A,0.96,0.21,100,1.72,0.58,nan,nan,A,325.9,20.6,A,425.6,16.5,473.5
SE8_00068,nan,nan,nan,nan,nan,A,0.97,0.22,100,1.8,0.55,nan,nan,A,324.9,20.2,A,425.6,16.3,473.5
SE8_00069,nan,nan,nan,nan,nan,A,0.87,0.18,100,1.68,0.6,nan,nan,A,326.1,20.5,A,425.6,16.4,473.5
SE8_00070,nan,nan,nan,nan,nan,A,0.88,0.17,100,1.75,0.61,nan,nan,A,326.2,20.2,A,425.5,16.3,473.4
SE8_00071,nan,nan,nan,nan,nan,A,0.94,0.19,100,2,0.66,nan,nan,A,325.8,20.3,A,425.5,16.2,473.4
SE8_00072,nan,nan,nan,nan,nan,A,1.06,0.31,100,2.17,0.66,nan,nan,A,323.7,19.6,A,425.7,15.9,473.6
SE8_00073,nan,nan,nan,nan,nan,A,0.97,0.22,100,1.81,0.59,nan,nan,A,324.4,19.7,A,425.7,15.9,473.5
SE8_00074,nan,nan,nan,nan,nan,A,0.91,0.23,99.5,2.7,0.57,nan,nan,A,324.2,20.5,A,425.6,16,473.5
SE8_00075,nan,nan,nan,nan,nan,A,0.9,0.22,99.2,3.29,0.55,nan,nan,A,325.7,20.2,A,425.6,16.1,473.5
SE8_00076,nan,nan,nan,nan,nan,A,0.97,0.22,100,1.96,0.62,nan,nan,A,324.4,20.1,A,425.4,16.1,473.3
SE8_00077,nan,nan,nan,nan,nan,A,0.95,0.23,100,1.96,0.61,nan,nan,nan,-1,-1,nan,-1,-1,-1
SE8_00078,nan,nan,nan,nan,nan,A,1.07,0.23,100,1.98,0.7,nan,nan,A,322.5,19.9,A,425.5,15.9,473.3
SE8_00079,nan,nan,nan,nan,nan,A,1,0.22,100,1.92,0.65,nan,nan,A,323,20,A,425.4,16.1,473.3
SE8_00080,nan,nan,nan,nan,nan,A,1.03,0.25,100,1.97,0.67,nan,nan,A,324.2,20.1,A,425.5,16.2,473.3
SE8_00081,nan,nan,nan,nan,nan,A,1.03,0.25,100,1.99,0.67,nan,nan,A,323.7,20.2,A,425.4,16.4,473.3
SE8_00082,nan,nan,nan,nan,nan,A,1,0.23,100,1.94,0.64,nan,nan,A,323.2,20.1,A,425.5,16.1,473.3
SE8_00083,nan,nan,nan,nan,nan,A,0.99,0.23,100,1.98,0.66,nan,nan,A,320.7,19.4,A,425.5,15.8,473.3
SE8_00084,nan,nan,nan,nan,nan,A,1,0.21,100,1.81,0.61,nan,nan,A,323.5,20.1,A,425.5,16.1,473.4
SE8_00085,nan,nan,nan,nan,nan,A,1,0.2,100,1.78,0.65,nan,nan,A,323.1,19.8,A,425.5,16,473.3
SE7_00002,nan,nan,nan,nan,nan,A,1.7,0.27,99.5,2.63,1.17,nan,nan,A,287.3,16.1,A,425.7,13.5,450.4
SE7_00003,nan,nan,nan,nan,nan,B,1.59,0.27,98.7,2.72,1.09,nan,nan,A,286.8,15.3,A,425.7,12.8,450.2
SE7_00005,nan,nan,nan,nan,nan,A,1.31,0.21,100,2,0.91,nan,nan,A,291.7,16.1,A,425.6,13,450.2
SE7_00006,nan,nan,nan,nan,nan,A,1.15,0.19,100,1.8,0.77,nan,nan,A,297.3,17,A,425.6,13.4,450.2
SE7_00007,nan,nan,nan,nan,nan,A,1.09,0.15,100,1.74,0.78,nan,nan,A,303.1,17.1,A,425.6,13.6,450.2
SE7_00008,nan,nan,nan,nan,nan,A,1.03,0.16,100,1.85,0.66,nan,nan,A,304.3,17.6,A,425.6,13.7,450.3
SE7_00009,nan,nan,nan,nan,nan,A,1.01,0.16,100,1.7,0.69,nan,nan,A,306.5,17.6,A,425.6,13.9,450.3
SE7_00010,nan,nan,nan,nan,nan,A,1.04,0.15,100,1.73,0.73,nan,nan,A,300.8,17.9,A,425.6,13.6,450.3
SE7_00011,nan,nan,nan,nan,nan,A,1.1,0.14,100,1.87,0.73,nan,nan,A,308.7,17.6,A,425.6,13.9,450.2
SE7_00012,nan,nan,nan,nan,nan,A,1.06,0.2,100,1.76,0.64,nan,nan,A,310.4,18.1,A,425.6,14.3,450.2
SE7_00013,nan,nan,nan,nan,nan,A,0.95,0.18,100,1.59,0.62,nan,nan,A,309.7,17.5,A,425.6,14.1,450.3
SE7_00014,nan,nan,nan,nan,nan,A,0.87,0.13,100,1.48,0.57,nan,nan,A,311.7,17.9,A,425.6,14.3,450.2
SE7_00015,nan,nan,nan,nan,nan,A,0.88,0.14,100,1.55,0.62,nan,nan,A,311.3,18,A,425.6,14.4,450.3
SE7_00016,nan,nan,nan,nan,nan,A,0.93,0.15,100,1.6,0.65,nan,nan,A,312.9,18.5,A,425.6,14.7,450.3
SE7_00017,nan,nan,nan,nan,nan,A,0.95,0.18,100,1.69,0.62,nan,nan,A,313.5,18.1,A,425.6,14.2,450.2
SE7_00018,nan,nan,nan,nan,nan,A,0.93,0.15,100,1.62,0.61,nan,nan,A,314.9,18.5,A,425.5,14.8,450.3
SE7_00019,nan,nan,nan,nan,nan,A,0.92,0.17,100,1.77,0.57,nan,nan,A,314,18.6,A,425.6,14.8,450.3
SE7_00020,nan,nan,nan,nan,nan,A,0.97,0.18,100,1.73,0.61,nan,nan,A,317.1,19.5,A,425.5,15.4,450.3
SE7_00021,nan,nan,nan,nan,nan,A,1.01,0.22,100,1.76,0.6,nan,nan,A,319.4,19.4,A,425.5,15.7,450.3
SE7_00022,nan,nan,nan,nan,nan,A,1,0.18,100,1.74,0.64,nan,nan,A,316.4,19.1,A,425.6,15.2,450.3
SE7_00023,nan,nan,nan,nan,nan,A,0.99,0.2,100,1.82,0.65,nan,nan,A,315.6,18.8,A,425.5,15.2,450.3
SE7_00024,nan,nan,nan,nan,nan,A,0.96,0.17,100,1.76,0.64,nan,nan,A,320.4,19.5,A,425.5,15.7,450.3
SE7_00025,nan,nan,nan,nan,nan,A,0.98,0.17,100,1.63,0.65,nan,nan,A,321.2,19.8,A,425.5,15.7,450.3
SE7_00026,nan,nan,nan,nan,nan,A,0.96,0.17,100,1.74,0.63,nan,nan,A,319.8,20,A,425.5,15.7,450.3
SE7_00027,nan,nan,nan,nan,nan,A,1.06,0.22,100,1.86,0.65,nan,nan,A,320.1,19.7,A,425.6,15.7,450.4
SE7_00028,nan,nan,nan,nan,nan,A,1.03,0.21,100,1.91,0.59,nan,nan,A,322.2,21.3,A,425.2,17.7,450.3
SE7_00029,nan,nan,nan,nan,nan,A,1.02,0.2,100,1.91,0.66,nan,nan,A,323,20.1,A,425.5,16,450.3
SE7_00030,nan,nan,nan,nan,nan,A,0.98,0.17,100,1.91,0.64,nan,nan,A,323.3,20.1,A,425.4,16,450.3
SE7_00031,nan,nan,nan,nan,nan,A,0.97,0.18,100,1.83,0.6,nan,nan,A,317.1,19.4,A,425.5,15.3,450.3
SE7_00032,nan,nan,nan,nan,nan,A,0.97,0.15,100,1.78,0.61,nan,nan,A,319.8,19.5,A,425.5,15.6,450.3
SE7_00033,nan,nan,nan,nan,nan,A,1.2,0.18,100,1.97,0.86,nan,nan,A,319.6,18.9,A,425.6,15.6,450.4
SE7_00034,nan,nan,nan,nan,nan,A,1.31,0.2,100,2.01,0.91,nan,nan,A,327.6,20.5,A,425.4,16.8,450.3
SE7_00035,nan,nan,nan,nan,nan,A,1.16,0.17,100,1.85,0.73,nan,nan,A,328.8,20.8,A,425.4,17.2,450.4
SE7_00036,nan,nan,nan,nan,nan,A,1.05,0.18,100,1.92,0.62,nan,nan,A,326.7,20.3,A,425.4,16.8,450.3
SE7_00037,nan,nan,nan,nan,nan,A,1.17,0.2,100,1.98,0.74,nan,nan,B,331,21.6,A,425.3,17.8,450.4
SE7_00038,nan,nan,nan,nan,nan,A,1.23,0.18,100,1.86,0.79,nan,nan,B,331.3,21.2,A,425.4,17.7,450.4
SE7_00039,nan,nan,nan,nan,nan,A,1.17,0.18,100,1.8,0.74,nan,nan,B,330.3,21.1,A,425.4,17.6,450.4
SE7_00040,nan,nan,nan,nan,nan,A,1.04,0.17,100,1.74,0.6,nan,nan,A,325.6,20.6,A,425.5,17.1,450.4
SE7_00041,nan,nan,nan,nan,nan,A,1,0.16,100,1.75,0.67,nan,nan,A,320.4,19.6,A,425.6,16.5,450.4
SE7_00042,nan,nan,nan,nan,nan,A,1.04,0.16,100,1.78,0.71,nan,nan,A,323,20,A,425.6,16.7,450.5
SE7_00043,nan,nan,nan,nan,nan,A,1,0.16,100,1.74,0.65,nan,nan,A,323.3,20.1,A,425.5,16.7,450.4
SE7_00044,nan,nan,nan,nan,nan,A,0.98,0.17,100,1.69,0.58,nan,nan,A,322.9,20.1,A,425.5,16.7,450.4
SE7_00045,nan,nan,nan,nan,nan,A,0.96,0.16,100,1.62,0.58,nan,nan,A,321,19.5,A,425.5,16.2,450.4
SE7_00046,nan,nan,nan,nan,nan,A,1.02,0.15,100,1.73,0.63,nan,nan,A,320.7,19.4,A,425.5,16.3,450.3
SE7_00047,nan,nan,nan,nan,nan,A,0.99,0.17,100,1.72,0.65,nan,nan,A,320.9,19.2,A,425.4,16.2,450.3
SE7_00048,nan,nan,nan,nan,nan,A,1.01,0.17,100,1.68,0.63,nan,nan,A,323.8,19.7,A,425.4,16.5,450.3
SE7_00049,nan,nan,nan,nan,nan,A,1.1,0.22,100,1.94,0.61,nan,nan,A,322,19.4,A,425.5,16.1,450.3
SE7_00050,nan,nan,nan,nan,nan,A,1.05,0.18,100,1.76,0.67,nan,nan,A,323.4,19.5,A,425.5,16.2,450.3
SE7_00051,nan,nan,nan,nan,nan,A,1.04,0.17,100,1.7,0.66,nan,nan,A,321.9,19.4,A,425.5,16.1,450.3
SE7_00052,nan,nan,nan,nan,nan,A,1.05,0.19,100,1.93,0.65,nan,nan,A,323.6,19.7,A,425.5,16.3,450.3
SE7_00053,nan,nan,nan,nan,nan,A,1.02,0.21,99.5,2.76,0.61,nan,nan,A,324.3,20.1,A,425.5,16.4,450.4
SE7_00054,nan,nan,nan,nan,nan,A,0.99,0.16,100,1.78,0.59,nan,nan,A,323.7,19.6,A,425.5,16.2,450.3
SE7_00055,nan,nan,nan,nan,nan,A,1.02,0.18,100,2.01,0.65,nan,nan,A,325,20.3,A,425.5,16.5,-1
SE7_00056,nan,nan,nan,nan,nan,A,1,0.14,100,1.65,0.62,nan,nan,A,324.7,20,A,425.5,16.4,450.3
SE7_00057,nan,nan,nan,nan,nan,A,0.99,0.14,100,1.57,0.64,nan,nan,A,323.6,19.9,A,425.5,16.3,450.4
SE7_00058,nan,nan,nan,nan,nan,A,0.98,0.18,100,1.97,0.62,nan,nan,A,324.4,20.1,A,425.5,16.4,450.4
SE7_00060,nan,nan,nan,nan,nan,A,0.96,0.15,100,1.81,0.61,nan,nan,A,323,19.8,A,425.5,16.2,450.4
SE7_00061,nan,nan,nan,nan,nan,A,1.01,0.18,100,1.89,0.66,nan,nan,A,323.3,19.8,A,425.6,16.3,450.4
SE7_00062,nan,nan,nan,nan,nan,A,1.01,0.17,100,1.76,0.61,nan,nan,A,322.3,19.6,A,425.6,16.1,450.4
SE7_00063,nan,nan,nan,nan,nan,A,1.04,0.18,100,1.89,0.63,nan,nan,A,320.5,19.4,A,425.6,15.9,450.4
SE7_00064,nan,nan,nan,nan,nan,A,1.14,0.19,100,1.78,0.71,nan,nan,A,320.5,19.4,A,425.6,16,450.4
SE7_00065,nan,nan,nan,nan,nan,A,1.01,0.11,100,1.48,0.64,nan,nan,A,322.8,19.4,A,425.4,16.1,450.2
SE7_00066,nan,nan,nan,nan,nan,A,0.98,0.11,100,1.57,0.64,nan,nan,A,322.8,19.5,A,425.4,16.2,450.2
SE7_00067,nan,nan,nan,nan,nan,A,1,0.13,100,1.42,0.61,nan,nan,A,322.9,19.4,A,425.3,16,-1
SE7_00068,nan,nan,nan,nan,nan,A,1,0.14,100,1.55,0.64,nan,nan,A,323.1,19.7,A,425.4,16.1,450.2
SE7_00069,nan,nan,nan,nan,nan,A,1.01,0.13,100,1.46,0.64,nan,nan,A,322.3,19.4,A,425.4,15.9,450.2
SE7_00070,nan,nan,nan,nan,nan,A,1.09,0.17,100,1.76,0.68,nan,nan,A,321.8,19.4,A,425.4,15.8,450.2
SE7_00071,nan,nan,nan,nan,nan,A,1.07,0.19,100,1.74,0.61,nan,nan,A,322.7,19.8,A,425.4,16,450.2
SE7_00072,nan,nan,nan,nan,nan,A,1.06,0.15,100,1.79,0.72,nan,nan,A,321.8,19.4,A,425.4,15.9,450.3
SE7_00073,nan,nan,nan,nan,nan,A,1.13,0.17,100,1.88,0.71,nan,nan,A,322.8,19.3,A,425.4,16,450.2
SE7_00074,nan,nan,nan,nan,nan,A,1.12,0.19,100,1.93,0.64,nan,nan,A,321.6,20.8,A,425.2,17.7,450.2
SE7_00075,nan,nan,nan,nan,nan,A,1.23,0.26,100,1.98,0.74,nan,nan,A,321.4,19.6,A,425.4,15.8,450.2
SE7_00076,nan,nan,nan,nan,nan,A,1.11,0.16,100,1.67,0.69,nan,nan,A,322.2,19.5,A,425.5,15.8,450.3
SE7_00077,nan,nan,nan,nan,nan,A,1.21,0.19,100,2.15,0.66,nan,nan,A,322.6,20,A,425.3,15.9,450.1
SE7_00078,nan,nan,nan,nan,nan,A,1.17,0.18,100,2.1,0.71,nan,nan,A,319.5,19.2,A,425.3,15.6,450.1
SE7_00079,nan,nan,nan,nan,nan,A,1.26,0.2,100,2.02,0.72,nan,nan,A,320.5,19.4,A,425.3,15.7,450.1
SE7_00080,nan,nan,nan,nan,nan,A,1.32,0.24,100,2.31,0.7,nan,nan,A,323.5,20.1,A,425.3,16.1,450.1
SE7_00081,nan,nan,nan,nan,nan,A,1.29,0.22,100,2.32,0.7,nan,nan,A,321,19.7,A,425.3,15.7,450.1
SE7_00082,nan,nan,nan,nan,nan,A,1.24,0.17,100,1.88,0.74,nan,nan,A,321.7,19.7,A,425.3,15.7,450.1
SE7_00083,nan,nan,nan,nan,nan,A,1.25,0.22,100,2.07,0.7,nan,nan,A,323.2,19.6,A,425.3,16,450.1
SE7_00084,nan,nan,nan,nan,nan,A,1.2,0.2,100,1.88,0.67,nan,nan,A,322.1,19.9,A,425.4,15.9,450.1
SE7_00085,nan,nan,nan,nan,nan,A,1.2,0.21,100,2.22,0.73,nan,nan,A,323.7,20.1,A,425.3,16.1,450.2
SE7_00086,nan,nan,nan,nan,nan,A,1.26,0.23,100,2.44,0.66,nan,nan,A,323.9,19.3,A,425.4,15.3,450.1
SE6_00001,nan,nan,nan,nan,nan,A,1.6,0.3,100,2.42,0.82,nan,nan,A,309.7,18.1,A,425.4,14.9,472.1
SE6_00002,nan,nan,nan,nan,nan,A,1.36,0.26,100,2.03,0.74,nan,nan,A,300.9,15.5,A,425.6,13.4,472.1
SE6_00003,nan,nan,nan,nan,nan,A,1.3,0.23,100,2.31,0.51,nan,nan,A,300.2,15.8,A,425.6,13.6,472.1
SE6_00004,nan,nan,nan,nan,nan,A,1.19,0.19,100,1.83,0.69,nan,nan,A,302.8,16.3,A,425.6,14.1,472.2
SE6_00005,nan,nan,nan,nan,nan,A,1.17,0.2,100,1.7,0.61,nan,nan,A,305,16.5,A,425.6,14.2,472.2
SE6_00006,nan,nan,nan,nan,nan,A,1.18,0.19,100,1.66,0.57,nan,nan,A,308.5,16.8,A,425.6,14.6,472.2
SE6_00007,nan,nan,nan,nan,nan,A,1.17,0.16,100,1.63,0.63,nan,nan,A,310.6,17.2,A,425.5,14.8,472.2
SE6_00008,nan,nan,nan,nan,nan,A,1.21,0.24,100,2.04,0.52,nan,nan,A,313.4,17.5,A,425.6,14.9,472.2
SE6_00009,nan,nan,nan,nan,nan,A,1.16,0.24,100,1.93,0.6,nan,nan,A,315.5,17.6,A,425.6,15,472.2
SE6_00010,nan,nan,nan,nan,nan,A,1.18,0.25,100,2.06,0.6,nan,nan,A,316.6,17.9,A,425.6,15.2,472.3
SE6_00011,nan,nan,nan,nan,nan,A,1.18,0.19,100,1.81,0.7,nan,nan,A,318,18,A,425.5,15.2,472.2
SE6_00012,nan,nan,nan,nan,nan,A,1.15,0.2,100,1.77,0.49,nan,nan,A,319,18,A,425.5,15.2,472.2
SE6_00013,nan,nan,nan,nan,nan,A,1.13,0.17,100,1.72,0.64,nan,nan,A,316.3,17.9,A,425.5,14.9,472.2
SE6_00014,nan,nan,nan,nan,nan,A,1.15,0.2,100,1.88,0.59,nan,nan,A,319.7,18.4,A,425.5,15.3,472.2
SE6_00015,nan,nan,nan,nan,nan,A,1.16,0.2,100,1.98,0.45,nan,nan,A,321.2,18.5,A,425.5,15.5,472.3
SE6_00016,nan,nan,nan,nan,nan,A,1.15,0.22,100,1.89,0.59,nan,nan,A,321,18.7,A,425.5,15.5,472.2
SE6_00017,nan,nan,nan,nan,nan,A,1.48,0.23,100,2.14,0.68,nan,nan,A,318.8,18.9,A,425.5,15.5,472.3
SE6_00018,nan,nan,nan,nan,nan,A,1.46,0.25,100,2.1,0.63,nan,nan,A,320.6,18.9,A,425.5,15.6,472.3
SE6_00019,nan,nan,nan,nan,nan,A,1.24,0.19,100,1.68,0.69,nan,nan,A,320.2,18.9,A,425.5,15.5,472.3
SE6_00020,nan,nan,nan,nan,nan,A,1.21,0.24,100,1.84,0.38,nan,nan,A,321.1,19.1,A,425.5,15.8,472.3
SE6_00021,nan,nan,nan,nan,nan,A,1.2,0.2,100,1.87,0.59,nan,nan,A,320.5,19.2,A,425.5,15.7,472.3
SE6_00022,nan,nan,nan,nan,nan,A,1.22,0.23,99.5,3.63,0.56,nan,nan,A,321.1,19.2,A,425.6,15.8,472.4
SE6_00023,nan,nan,nan,nan,nan,A,1.22,0.18,100,1.97,0.75,nan,nan,A,321,19.1,A,425.4,15.8,472.2
SE6_00024,nan,nan,nan,nan,nan,A,1.18,0.2,100,1.93,0.7,nan,nan,A,321.8,19.2,A,425.4,15.9,472.2
SE6_00025,nan,nan,nan,nan,nan,A,1.18,0.2,100,1.93,0.63,nan,nan,A,319.7,18.8,A,425.4,15.6,472.2
SE6_00026,nan,nan,nan,nan,nan,A,1.17,0.17,100,1.79,0.65,nan,nan,A,321.6,19.2,A,425.4,15.9,472.2
SE6_00027,nan,nan,nan,nan,nan,A,1.15,0.18,100,1.88,0.65,nan,nan,A,318.8,18.8,A,425.5,15.5,472.2
SE6_00028,nan,nan,nan,nan,nan,A,1.19,0.22,100,2.2,0.62,nan,nan,A,321.6,19.4,A,425.4,15.9,472.2
SE6_00029,nan,nan,nan,nan,nan,A,1.22,0.18,100,1.66,0.69,nan,nan,A,319.1,19.2,A,425.4,15.7,472.2
SE6_00030,nan,nan,nan,nan,nan,A,1.18,0.16,100,1.8,0.75,nan,nan,A,318.7,19.6,A,425.4,15.7,472.2
SE6_00031,nan,nan,nan,nan,nan,A,1.16,0.17,100,1.92,0.48,nan,nan,A,315.2,18,A,425.6,15.1,472.3
SE6_00032,nan,nan,nan,nan,nan,A,1.26,0.2,100,1.94,0.41,nan,nan,A,319.5,18.5,A,425.7,15.4,472.4
SE6_00033,nan,nan,nan,nan,nan,A,1.22,0.2,100,1.93,0.65,nan,nan,A,319.8,18,A,425.6,15.2,472.3
SE6_00034,nan,nan,nan,nan,nan,A,1.13,0.18,100,2.05,0.7,nan,nan,A,319.6,18.1,A,425.7,15.2,472.4
SE6_00035,nan,nan,nan,nan,nan,A,1.14,0.16,100,1.68,0.66,nan,nan,A,321.6,19.2,A,425.6,15.7,472.4
SE6_00036,nan,nan,nan,nan,nan,A,1.16,0.16,100,1.94,0.68,nan,nan,A,320.6,18.7,A,425.6,15.5,472.4
SE6_00037,nan,nan,nan,nan,nan,A,1.15,0.17,100,1.91,0.65,nan,nan,A,318.4,18.5,A,425.6,15.3,472.4
SE6_00038,nan,nan,nan,nan,nan,A,1.32,0.16,100,2.38,0.8,nan,nan,A,320.5,19.1,A,425.6,15.7,472.4
SE6_00039,nan,nan,nan,nan,nan,A,1.26,0.22,100,2.52,0.59,nan,nan,A,320.5,19.1,A,425.6,15.8,472.4
SE6_00040,nan,nan,nan,nan,nan,A,1.14,0.18,100,1.7,0.7,nan,nan,A,320.6,18.9,A,425.5,15.7,-1
SE6_00041,nan,nan,nan,nan,nan,A,1.14,0.15,100,1.47,0.69,nan,nan,A,318.3,18.4,A,425.6,15.4,472.4
SE6_00042,nan,nan,nan,nan,nan,A,1.16,0.16,100,1.92,0.73,nan,nan,A,320.4,18.5,A,425.6,15.6,472.4
SE6_00043,nan,nan,nan,nan,nan,A,1.17,0.18,100,1.71,0.73,nan,nan,A,319.7,18.3,A,425.6,15.5,472.4
SE6_00044,nan,nan,nan,nan,nan,A,1.11,0.18,100,1.73,0.63,nan,nan,A,317.4,18,A,425.7,15.3,472.4
SE6_00045,nan,nan,nan,nan,nan,A,1.11,0.19,100,2.17,0.63,nan,nan,A,318.5,19.1,A,425.1,15.7,471.5
SE6_00046,nan,nan,nan,nan,nan,A,1.11,0.14,100,1.57,0.64,nan,nan,A,318.3,18.1,A,425.7,15.2,472.4
SE6_00047,nan,nan,nan,nan,nan,A,1.06,0.18,100,1.7,0.4,nan,nan,A,319.2,18.4,A,425.6,15.4,472.3
SE6_00048,nan,nan,nan,nan,nan,A,1.06,0.21,100,1.71,0.35,nan,nan,A,319.4,18.5,A,425.6,15.4,472.3
SE6_00049,nan,nan,nan,nan,nan,A,1.04,0.16,100,1.62,0.32,nan,nan,A,318.4,18.4,A,425.6,15.5,472.3
SE6_00050,nan,nan,nan,nan,nan,A,1.07,0.2,100,1.84,0.33,nan,nan,A,320,18.7,A,425.6,15.6,472.4
SE6_00051,nan,nan,nan,nan,nan,A,1.15,0.18,100,1.81,0.39,nan,nan,A,320.1,18.5,A,425.7,15.7,472.4
SE6_00052,nan,nan,nan,nan,nan,A,1.22,0.2,100,1.74,0.38,nan,nan,A,313.6,18.1,A,425.7,15.2,472.4
SE6_00053,nan,nan,nan,nan,nan,A,1.24,0.2,100,1.88,0.44,nan,nan,A,318.4,18.4,A,425.7,15.4,472.4
SE6_00054,nan,nan,nan,nan,nan,A,1.15,0.16,100,2.08,0.58,nan,nan,A,318.9,18.3,A,425.7,15.5,472.4
SE6_00055,nan,nan,nan,nan,nan,B,1.47,0.29,98.9,3.97,0.49,nan,nan,A,306.1,16.3,A,425.8,14,472.4
SE6_00056,nan,nan,nan,nan,nan,A,1.55,0.25,99.5,3.02,1.09,nan,nan,A,290.1,15.4,A,425.7,13.1,472.3
SE6_00057,nan,nan,nan,nan,nan,B,1.49,0.28,98.9,2.77,0.88,nan,nan,A,289.6,15.9,A,425.7,13.3,472.3
SE6_00058,nan,nan,nan,nan,nan,A,1.4,0.24,100,2.49,0.87,nan,nan,A,292.9,16.3,A,425.7,13.5,472.2
SE6_00059,nan,nan,nan,nan,nan,A,1.4,0.23,100,2.25,0.77,nan,nan,A,297.2,16.6,A,425.7,13.8,472.2
SE6_00060,nan,nan,nan,nan,nan,A,1.38,0.24,100,2.26,0.81,nan,nan,A,298.7,17,A,425.7,13.8,472.3
SE6_00061,nan,nan,nan,nan,nan,A,1.22,0.2,100,1.99,0.79,nan,nan,A,302.6,17.3,A,425.6,14.1,472.3
SE6_00062,nan,nan,nan,nan,nan,B,1.28,0.2,98.9,3.35,0.78,nan,nan,A,305.7,17.3,A,425.8,14.3,472.4
SE6_00063,nan,nan,nan,nan,nan,B,1.41,0.37,98.9,2.7,0.8,nan,nan,A,301.5,17.2,A,425.8,13.8,472.4
SE6_00064,nan,nan,nan,nan,nan,B,1.46,0.42,97,4.85,0.9,nan,nan,A,303.7,17.1,A,425.7,14,472.3
SE6_00065,nan,nan,nan,nan,nan,A,1.25,0.29,99,3.22,0.82,nan,nan,A,305.5,17.3,A,425.7,14.1,472.3
SE6_00066,nan,nan,nan,nan,nan,A,1.2,0.27,99.5,3.18,0.77,nan,nan,A,307.3,17.6,A,425.6,14.2,472.3
SE6_00067,nan,nan,nan,nan,nan,A,1.33,0.42,99,2.68,0.62,nan,nan,A,308.1,17.4,A,425.6,14.2,472.2
SE6_00068,nan,nan,nan,nan,nan,B,1.31,0.44,95.9,5.47,0.68,nan,nan,A,310.8,18,A,425.7,14.5,472.3
SE6_00069,nan,nan,nan,nan,nan,B,1.34,0.47,96,3.34,0.71,nan,nan,A,313.4,18,A,425.6,14.8,472.3
SE6_00070,nan,nan,nan,nan,nan,A,1.28,0.42,99,2.61,0.72,nan,nan,A,313.1,17.7,A,425.7,14.6,472.4
SE6_00071,nan,nan,nan,nan,nan,B,1.2,0.4,98,3.19,0.62,nan,nan,A,310.9,18.6,A,425.6,15.9,472.3
SE6_00072,nan,nan,nan,nan,nan,B,1.35,0.48,97.5,3.29,0.71,nan,nan,A,313.8,17.9,A,425.6,14.6,472.4
SE6_00073,nan,nan,nan,nan,nan,A,1.29,0.42,99.4,2.7,0.65,nan,nan,A,312.1,17.6,A,425.7,14.5,472.4
SE6_00074,nan,nan,nan,nan,nan,C,1.37,0.54,94,3.4,0.82,nan,nan,A,311.6,17.5,A,425.6,14.4,472.3
SE6_00075,nan,nan,nan,nan,nan,A,1.28,0.43,99.5,3.07,0.82,nan,nan,A,313.6,17.6,A,425.7,14.5,472.3
SE6_00076,nan,nan,nan,nan,nan,A,1.16,0.3,100,2.33,0.67,nan,nan,A,317.6,18.2,A,425.6,15.1,472.3
SE6_00077,nan,nan,nan,nan,nan,A,0.9,0.18,100,1.66,0.58,nan,nan,A,319.9,19.2,A,425.5,15.7,472.2
SE6_00078,nan,nan,nan,nan,nan,A,1.1,0.17,100,2.03,0.72,nan,nan,A,302.8,17.5,A,425.5,15.7,472.4
SE6_00079,nan,nan,nan,nan,nan,A,1.2,0.24,100,2.28,0.81,nan,nan,A,288.4,14.4,A,425.7,12.5,472.2
SE6_00080,nan,nan,nan,nan,nan,C,1.07,0.23,92.5,152.95,0.69,nan,nan,A,288.3,14.9,A,425.7,12.6,472.3
SE6_00081,nan,nan,nan,nan,nan,C,1.05,0.25,93,201.1,0.64,nan,nan,A,290.8,15.4,A,425.7,12.9,472.2
SE6_00082,nan,nan,nan,nan,nan,A,1.06,0.22,100,1.94,0.66,nan,nan,A,295.2,15.9,A,425.7,13.1,472.3
SE6_00083,nan,nan,nan,nan,nan,A,0.98,0.2,100,1.95,0.63,nan,nan,A,296.4,15.8,A,425.7,13.3,472.3
SE6_00084,nan,nan,nan,nan,nan,A,0.97,0.17,100,2,0.62,nan,nan,A,297.3,15.9,A,425.7,13.3,472.4
SE6_00085,nan,nan,nan,nan,nan,A,1.04,0.23,100,1.85,0.65,nan,nan,A,298.4,16.2,A,425.7,13.4,472.4
SE5_00005,nan,nan,nan,nan,nan,C,0.31,0.08,61.4,0.68,0.2,1.380000,2.240000,A,298.6,16.4,A,425.7,14.8,-1
SE5_00015,nan,nan,nan,nan,nan,C,0.36,0.13,82,1.03,0.22,1.210000,1.350000,A,301.7,15.8,A,425.8,14.6,-1
SE5_00025,nan,nan,nan,nan,nan,C,0.33,0.1,70.4,0.94,0.21,1.340000,1.850000,A,302.7,15.6,A,425.8,14.5,-1
SE5_00035,nan,nan,nan,nan,nan,C,0.33,0.16,62,1.11,0.2,1.320000,1.220000,A,302.5,15.9,A,425.8,14.6,-1
SE5_00045,nan,nan,nan,nan,nan,C,0.34,0.14,71,1.11,0.2,1.180000,1.640000,A,302.6,16.1,A,425.8,14.8,-1
SE5_00055,nan,nan,nan,nan,nan,C,0.36,0.16,72.8,1.05,0.21,nan,nan,A,301.4,15.8,A,425.7,14.5,-1
SE5_00065,nan,nan,nan,nan,nan,C,0.33,0.15,61.8,1.11,0.21,1.580000,1.720000,A,300.9,15.9,A,425.7,14.6,-1
SE5_00072,nan,nan,nan,nan,nan,C,0.39,0.18,78.7,1.13,0.2,1.160000,1.110000,nan,-1,-1,nan,-1,-1,-1
SE5_00073,nan,nan,nan,nan,nan,C,0.37,0.15,76.3,0.99,0.21,1.270000,1.640000,nan,-1,-1,nan,-1,-1,-1
SE5_00074,nan,nan,nan,nan,nan,C,0.39,0.14,83.3,0.88,0.21,1.200000,1.830000,A,301.1,16.2,A,425.8,14.8,-1
SE5_00075,nan,nan,nan,nan,nan,C,0.32,0.07,75.1,0.73,0.21,1.350000,2.390000,A,300.4,15.9,A,425.8,14.7,-1
SE5_00076,nan,nan,nan,nan,nan,C,0.36,0.13,81.6,1.02,0.22,nan,nan,A,301,16.3,A,425.8,14.9,-1
SE5_00077,nan,nan,nan,nan,nan,C,0.38,0.15,85.2,1.13,0.21,1.070000,1.190000,A,301.1,16.5,A,425.8,14.9,-1
SE5_00078,nan,nan,nan,nan,nan,C,0.37,0.13,80,1.02,0.2,nan,nan,A,301.3,16.4,A,425.7,14.9,-1
SE5_00079,nan,nan,nan,nan,nan,C,0.41,0.21,82.9,1.24,0.22,nan,nan,A,300.7,16.1,A,425.9,14.7,-1
SE5_00080,nan,nan,nan,nan,nan,C,0.38,0.16,77.7,1.25,0.22,nan,nan,A,299.9,16.2,A,425.7,14.8,-1
SE5_00081,nan,nan,nan,nan,nan,C,0.36,0.17,77.1,1.15,0.21,1.010000,0.880000,A,300.6,16.1,A,425.8,14.8,-1
SE5_00082,nan,nan,nan,nan,nan,C,0.34,0.11,74.5,0.89,0.21,1.230000,1.510000,B,0,20,B,0,20,-1
SE5_00083,nan,nan,nan,nan,nan,C,0.36,0.14,75.3,0.88,0.21,1.030000,1.060000,A,301.1,16.6,A,425.7,15,-1
SE5_00084,nan,nan,nan,nan,nan,C,0.37,0.18,80.7,1.2,0.23,0.990000,0.660000,A,300.2,16.7,A,425.8,15,-1
SE4_00004,nan,nan,nan,nan,nan,A,0.59,0.12,100,1.14,0.38,nan,nan,A,309,17.4,A,425.7,15.2,455.5
SE4_00005,nan,nan,nan,nan,nan,A,0.55,0.14,100,1.18,0.29,nan,nan,A,310,17,A,425.6,15,455.3
SE4_00006,nan,nan,nan,nan,nan,A,0.56,0.16,100,1.17,0.3,nan,nan,A,311.2,16.6,A,425.6,14.7,455.3
SE4_00007,nan,nan,nan,nan,nan,A,0.55,0.15,100,1.22,0.32,nan,nan,A,314.2,17,A,425.5,14.9,455.3
SE4_00008,nan,nan,nan,nan,nan,A,0.52,0.13,100,1.05,0.32,nan,nan,A,315.7,17.2,A,425.6,15,455.4
SE4_00018,nan,nan,nan,nan,nan,A,0.44,0.14,99.2,1.2,0.27,nan,nan,A,312.7,16.4,A,425.6,14.6,455.3
SE4_00028,nan,nan,nan,nan,nan,B,0.44,0.16,97,1.23,0.25,nan,nan,A,314.5,16.4,A,425.6,14.7,455.3
SE4_00039,nan,nan,nan,nan,nan,A,0.44,0.14,99.2,1.04,0.26,nan,nan,A,315.8,16.4,A,425.5,15,455.3
SE4_00048,nan,nan,nan,nan,nan,B,0.44,0.17,97.1,1.19,0.24,nan,nan,A,313.4,16.3,A,425.5,14.9,455.3
SE4_00058,nan,nan,nan,nan,nan,C,0.43,0.2,94.8,1.2,0.25,nan,nan,A,313.8,16.5,A,425.6,15.1,455.4
SE4_00068,nan,nan,nan,nan,nan,C,0.39,0.12,89.7,1.03,0.24,nan,nan,A,313.5,16.5,A,425.6,15.1,455.3
SE4_00077,nan,nan,nan,nan,nan,C,0.36,0.1,87,1.02,0.23,nan,nan,A,312.8,16.2,A,425.6,15.3,455.3
SE4_00078,nan,nan,nan,nan,nan,C,0.38,0.16,85.6,1.17,0.22,nan,nan,A,312.8,16.3,A,425.6,15.3,455.4
SE4_00079,nan,nan,nan,nan,nan,C,0.34,0.08,84.7,0.67,0.19,nan,nan,A,311.6,16.3,A,425.6,15.2,455.3
SE4_00080,nan,nan,nan,nan,nan,C,0.37,0.17,83.3,1.11,0.22,nan,nan,A,311,16.2,A,425.6,15.2,455.3
SE4_00081,nan,nan,nan,nan,nan,C,0.36,0.13,85.2,0.97,0.22,nan,nan,A,311.2,16.1,A,425.6,15.1,455.3
SE4_00082,nan,nan,nan,nan,nan,C,0.41,0.17,88.4,1.08,0.2,nan,nan,A,311.7,16.5,A,425.6,15.4,455.4
SE4_00083,nan,nan,nan,nan,nan,C,0.34,0.14,75.9,1.07,0.21,nan,nan,A,311.6,16.3,A,425.6,15.4,455.3
SE4_00084,nan,nan,nan,nan,nan,C,0.35,0.17,67.8,1.21,0.2,nan,nan,A,312.5,16.5,A,425.4,15.5,455.4
SE4_00085,nan,nan,nan,nan,nan,C,0.42,0.21,79.2,1.2,0.21,nan,nan,A,310.1,16.6,A,425.5,15.4,455.4
SE2_00004,nan,nan,nan,nan,nan,B,0.52,0.16,98.7,1.09,0.25,nan,nan,A,309.1,17.4,A,425.8,15.5,455.6
SE2_00005,nan,nan,nan,nan,nan,B,0.51,0.16,98.8,1.07,0.27,nan,nan,A,311.5,17.7,A,425.5,15.5,455.4
SE2_00006,nan,nan,nan,nan,nan,C,0.48,0.14,93.9,1.07,0.24,nan,nan,A,312.5,16.8,A,425.7,15,455.4
SE2_00007,nan,nan,nan,nan,nan,B,0.53,0.15,98.7,1.08,0.26,nan,nan,A,313.8,16.9,A,425.7,15.1,455.4
SE2_00008,nan,nan,nan,nan,nan,B,0.44,0.08,97.5,0.7,0.23,nan,nan,A,314.9,17.3,A,425.7,15.1,455.5
SE2_00018,nan,nan,nan,nan,nan,C,0.44,0.18,91.3,1.26,0.19,nan,nan,A,314,15.8,A,425.8,14.3,455.4
SE2_00028,nan,nan,nan,nan,nan,C,0.39,0.16,85.1,1.13,0.18,nan,nan,A,317.4,16.2,A,425.8,14.7,455.4
SE2_00039,nan,nan,nan,nan,nan,C,0.38,0.13,88.7,1.03,0.2,nan,nan,A,318.8,16.2,A,425.7,15,455.4
SE2_00048,nan,nan,nan,nan,nan,C,0.38,0.15,80.2,0.9,0.18,nan,nan,A,317.5,16.2,A,425.7,15,455.4
SE2_00058,nan,nan,nan,nan,nan,C,0.37,0.13,81.2,0.97,0.2,nan,nan,A,316.7,16.3,A,425.7,15.2,455.4
SE2_00068,nan,nan,nan,nan,nan,C,0.37,0.13,77.5,1,0.22,nan,nan,A,317.3,16.6,A,425.7,15.4,455.4
SE2_00077,nan,nan,nan,nan,nan,C,0.38,0.17,76.8,1.01,0.17,nan,nan,A,317.6,16.3,A,425.7,15.6,455.5
SE2_00078,nan,nan,nan,nan,nan,C,0.35,0.13,78,0.88,0.18,nan,nan,A,317.2,16.5,A,425.8,15.5,455.5
SE2_00079,nan,nan,nan,nan,nan,C,0.32,0.09,67.9,0.69,0.17,nan,nan,A,316.6,16,A,425.7,15.2,455.5
SE2_00080,nan,nan,nan,nan,nan,C,0.33,0.15,63.4,1.13,0.18,nan,nan,A,316,16,A,425.8,15.2,455.5
SE2_00081,nan,nan,nan,nan,nan,C,0.4,0.21,71.9,1.03,0.18,nan,nan,A,316,16,A,425.7,15.3,455.5
SE2_00082,nan,nan,nan,nan,nan,C,0.38,0.2,68.2,1.18,0.17,nan,nan,A,315.9,16.3,A,425.8,15.4,455.6
SE2_00083,nan,nan,nan,nan,nan,C,0.32,0.13,58.7,1.05,0.19,nan,nan,A,315.5,16.2,A,425.7,15.4,455.4
SE2_00084,nan,nan,nan,nan,nan,C,0.31,0.12,55.5,0.86,0.19,nan,nan,A,316.8,16.7,A,425.6,15.6,455.5
SE2_00085,nan,nan,nan,nan,nan,C,0.35,0.16,62.5,1.04,0.18,nan,nan,A,314,16.5,A,425.7,15.3,455.4
SE3_00002,nan,nan,nan,nan,nan,B,0.41,0.1,97.2,0.78,0.24,nan,nan,B,0,20,B,0,20,-1
SE3_00003,nan,nan,nan,nan,nan,A,0.42,0.13,99,1.14,0.26,nan,nan,B,0,20,B,0,20,-1
SE3_00004,nan,nan,nan,nan,nan,A,0.43,0.15,99,1.16,0.27,nan,nan,B,0,20,B,0,20,-1
SE3_00005,nan,nan,nan,nan,nan,B,0.42,0.13,97.2,1.14,0.26,nan,nan,B,0,20,B,0,20,-1
SE3_00006,nan,nan,nan,nan,nan,A,0.42,0.13,100,1.06,0.29,nan,nan,B,0,20,B,0,20,-1
SE3_00007,nan,nan,nan,nan,nan,B,0.37,0.07,95.7,0.7,0.23,nan,nan,B,0,20,B,0,20,-1
SE3_00008,nan,nan,nan,nan,nan,C,0.36,0.06,91.5,0.59,0.23,nan,nan,A,318,16.5,A,425.7,15.1,-1
SE3_00009,nan,nan,nan,nan,nan,C,0.37,0.07,94.8,0.67,0.25,nan,nan,A,318.1,16.3,A,425.9,15,-1
SE3_00010,nan,nan,nan,nan,nan,C,0.38,0.11,93,0.84,0.22,nan,nan,B,0,20,B,0,20,-1
SE3_00011,nan,nan,nan,nan,nan,C,0.35,0.07,91.5,0.79,0.22,nan,nan,B,0,20,B,0,20,-1
SE3_00012,nan,nan,nan,nan,nan,B,0.43,0.17,97.4,1.22,0.26,nan,nan,B,0,20,B,0,20,-1
SE3_00013,nan,nan,nan,nan,nan,C,0.39,0.14,93.7,1.09,0.21,nan,nan,B,0,20,B,0,20,-1
SE3_00014,nan,nan,nan,nan,nan,C,0.41,0.14,93.7,0.99,0.21,nan,nan,B,-3225.8,704.8,B,-4051.9,-844.4,-1
SE3_00024,nan,nan,nan,nan,nan,C,0.39,0.16,93.8,1.43,0.21,nan,nan,B,0,20,B,0,20,-1
SE3_00034,nan,nan,nan,nan,nan,C,0.41,0.18,91.8,1.15,0.23,nan,nan,B,-3383,695.1,B,-4157.3,-873.7,-1
SE3_00044,nan,nan,nan,nan,nan,C,0.37,0.13,91.8,0.96,0.24,nan,nan,B,84,0,B,-4238.4,-881.2,-1
SE3_00054,nan,nan,nan,nan,nan,C,0.4,0.19,89.2,1.39,0.23,nan,nan,B,0,20,B,0,20,-1
SE3_00064,nan,nan,nan,nan,nan,C,0.37,0.17,78.8,1.24,0.21,nan,nan,B,0,20,B,0,20,-1
SE3_00074,nan,nan,nan,nan,nan,C,0.32,0.07,75.4,0.63,0.22,nan,nan,B,0,20,B,0,20,-1
SE3_00084,nan,nan,nan,nan,nan,C,0.41,0.2,83.7,1.28,0.23,nan,nan,B,0,20,B,0,20,-1
SE1_00005,nan,nan,nan,nan,nan,C,0.31,0.09,53.7,0.64,0.22,1.470000,2.940000,nan,-1,-1,nan,-1,-1,-1
SE1_00015,nan,nan,nan,nan,nan,C,0.35,0.12,75.9,0.9,0.23,1.510000,2.990000,nan,-1,-1,nan,-1,-1,-1
SE1_00025,nan,nan,nan,nan,nan,C,0.34,0.13,64.8,0.77,0.22,1.290000,1.320000,nan,-1,-1,nan,-1,-1,-1
SE1_00035,nan,nan,nan,nan,nan,C,0.32,0.1,66.6,0.72,0.22,1.260000,2.280000,nan,-1,-1,nan,-1,-1,-1
SE1_00045,nan,nan,nan,nan,nan,C,0.32,0.11,60.3,0.81,0.21,1.490000,3.310000,nan,-1,-1,nan,-1,-1,-1
SE1_00055,nan,nan,nan,nan,nan,C,0.35,0.12,71.6,0.72,0.23,nan,nan,nan,-1,-1,nan,-1,-1,-1
SE1_00065,nan,nan,nan,nan,nan,C,0.34,0.14,65.3,0.95,0.22,nan,nan,A,300.4,15.9,A,425.8,15.1,-1
SE1_00072,nan,nan,nan,nan,nan,C,0.43,0.22,81.4,1.15,0.23,1.020000,0.750000,nan,-1,-1,nan,-1,-1,-1
SE1_00073,nan,nan,nan,nan,nan,C,0.39,0.16,84.9,1.02,0.23,1.100000,1.550000,nan,-1,-1,nan,-1,-1,-1
SE1_00074,nan,nan,nan,nan,nan,C,0.47,0.25,83.3,1.08,0.2,0.990000,1.320000,nan,-1,-1,nan,-1,-1,-1
SE1_00075,nan,nan,nan,nan,nan,C,0.31,0.11,57.6,0.99,0.21,1.590000,5.700000,nan,-1,-1,nan,-1,-1,-1
SE1_00076,nan,nan,nan,nan,nan,C,0.36,0.11,79.6,0.77,0.24,nan,nan,nan,-1,-1,nan,-1,-1,-1
SE1_00077,nan,nan,nan,nan,nan,C,0.37,0.15,77.3,0.91,0.21,1.210000,1.930000,nan,-1,-1,nan,-1,-1,-1
SE1_00078,nan,nan,nan,nan,nan,C,0.36,0.15,74,0.96,0.22,nan,nan,nan,-1,-1,nan,-1,-1,-1
SE1_00079,nan,nan,nan,nan,nan,C,0.37,0.15,64.8,1.01,0.23,nan,nan,nan,-1,-1,nan,-1,-1,-1
SE1_00080,nan,nan,nan,nan,nan,C,0.33,0.09,71.6,0.65,0.21,nan,nan,nan,-1,-1,nan,-1,-1,-1
SE1_00081,nan,nan,nan,nan,nan,C,0.34,0.1,68.5,0.77,0.2,1.300000,2.600000,nan,-1,-1,nan,-1,-1,-1
SE1_00082,nan,nan,nan,nan,nan,C,0.33,0.12,62.9,0.97,0.22,1.420000,1.500000,nan,-1,-1,nan,-1,-1,-1
SE1_00083,nan,nan,nan,nan,nan,C,0.36,0.16,74,1.06,0.21,1.210000,1.320000,nan,-1,-1,nan,-1,-1,-1
SE1_00084,nan,nan,nan,nan,nan,C,0.33,0.1,61.1,0.7,0.21,1.410000,1.990000,nan,-1,-1,nan,-1,-1,-1
SS3_00002,nan,nan,nan,nan,nan,B,0.45,0.15,98.1,1.17,0.26,nan,nan,B,0,20,B,0,20,-1
SS3_00003,nan,nan,nan,nan,nan,A,0.43,0.13,99,1.03,0.27,nan,nan,B,0,20,B,0,20,-1
SS3_00004,nan,nan,nan,nan,nan,A,0.44,0.11,99,0.95,0.26,nan,nan,B,0,20,B,0,20,-1
SS3_00005,nan,nan,nan,nan,nan,B,0.42,0.08,98.1,0.82,0.25,nan,nan,B,0,20,B,0,20,-1
SS3_00006,nan,nan,nan,nan,nan,A,0.44,0.15,100,1.31,0.28,nan,nan,B,0,20,B,0,20,-1
SS3_00007,nan,nan,nan,nan,nan,A,0.38,0.04,99.1,0.57,0.27,nan,nan,B,0,20,B,0,20,-1
SS3_00008,nan,nan,nan,nan,nan,B,0.38,0.05,98.2,0.64,0.27,nan,nan,B,0,20,B,0,20,-1
SS3_00009,nan,nan,nan,nan,nan,B,0.38,0.05,98.3,0.55,0.26,nan,nan,B,0,20,B,0,20,-1
SS3_00010,nan,nan,nan,nan,nan,B,0.41,0.11,98.2,0.89,0.25,nan,nan,A,316.6,16.6,A,425.6,15.6,0
SS3_00011,nan,nan,nan,nan,nan,B,0.37,0.06,98.2,0.68,0.26,nan,nan,A,316.3,16.4,A,425.7,15.6,0
SS3_00012,nan,nan,nan,nan,nan,B,0.37,0.07,98.1,0.9,0.25,nan,nan,B,0,20,B,0,20,-1
SS3_00013,nan,nan,nan,nan,nan,B,0.39,0.09,96.4,0.99,0.24,nan,nan,A,315.7,16.5,A,425.8,15.5,0
SS3_00014,nan,nan,nan,nan,nan,B,0.41,0.15,98.2,1.29,0.24,nan,nan,B,0,20,B,0,20,-1
SS3_00024,nan,nan,nan,nan,nan,B,0.39,0.11,95.5,1.06,0.24,nan,nan,B,0,20,B,0,20,-1
SS3_00034,nan,nan,nan,nan,nan,C,0.39,0.12,94.6,0.9,0.24,nan,nan,A,314.2,16.5,A,425.7,15.6,0
SS3_00044,nan,nan,nan,nan,nan,C,0.41,0.16,93.8,1.13,0.22,nan,nan,B,0,20,B,0,20,0
SS3_00054,nan,nan,nan,nan,nan,C,0.41,0.19,91.3,1.65,0.23,nan,nan,B,0,20,B,0,20,-1
SS3_00064,nan,nan,nan,nan,nan,C,0.37,0.13,87.2,1.2,0.22,nan,nan,B,0,20,B,0,20,-1
SS3_00074,nan,nan,nan,nan,nan,C,0.36,0.13,88,1.13,0.22,nan,nan,B,0,20,B,0,20,0
SS3_00084,nan,nan,nan,nan,nan,C,0.37,0.13,93.5,0.89,0.23,nan,nan,B,0,20,B,0,20,-1
LE8_00005,nan,nan,nan,nan,nan,B,0.55,0.19,98.2,1.24,0.19,nan,nan,A,314.3,16.5,A,450.7,13.8,485.5
LE8_00016,nan,nan,nan,nan,nan,B,0.44,0.15,96.2,1.27,0.18,nan,nan,A,313.8,16.7,A,450.8,14,485.5
LE8_00025,nan,nan,nan,nan,nan,C,0.38,0.12,92.7,1.22,0.19,nan,nan,A,312.1,16.7,A,450.8,14,485.5
LE8_00028,nan,nan,nan,nan,nan,C,0.39,0.14,91.3,1.04,0.15,nan,nan,A,311.3,16.8,A,450.8,14.1,485.5
LE8_00037,nan,nan,nan,nan,nan,C,0.36,0.13,81,0.93,0.16,nan,nan,A,310.9,17.2,A,450.8,14.4,485.5
LE8_00055,nan,nan,nan,nan,nan,C,0.39,0.16,77.5,1.39,0.16,nan,nan,A,311.1,17.5,A,450.8,14.5,485.6
LE8_00065,nan,nan,nan,nan,nan,C,0.36,0.12,79,0.85,0.17,nan,nan,A,311.6,17.6,A,450.8,14.4,485.6
LE8_00076,nan,nan,nan,nan,nan,C,0.34,0.13,69.9,1.16,0.17,nan,nan,A,309,17.4,A,450.6,14.3,485.1
LE8_00080,nan,nan,nan,nan,nan,B,0.63,0.31,97.6,1.64,0.22,nan,nan,A,311.4,17.6,A,450.9,14.4,485.6
LE8_00081,nan,nan,nan,nan,nan,C,0.42,0.15,86.9,1.06,0.18,nan,nan,A,311.2,17.6,A,450.8,14.4,485.6
LE8_00082,nan,nan,nan,nan,nan,C,0.39,0.15,81.9,1.14,0.2,nan,nan,A,312.5,17.8,A,450.9,14.5,485.6
LE8_00083,nan,nan,nan,nan,nan,C,0.45,0.2,86.5,1.15,0.17,nan,nan,A,312,17.9,A,450.9,14.6,485.7
LE8_00084,nan,nan,nan,nan,nan,C,0.37,0.12,83,1.03,0.17,nan,nan,A,311.1,17.7,A,450.9,14.5,485.6
LS8_00001,nan,nan,nan,nan,nan,B,1.63,0.34,96,3.35,1.04,nan,nan,A,309.6,17.4,A,450.7,14.3,0
LS8_00002,nan,nan,nan,nan,nan,B,1.76,0.36,95.4,8.57,1.18,nan,nan,A,283.5,15.4,A,451,13,0
LS8_00003,nan,nan,nan,nan,nan,A,1.38,0.23,99.7,2.89,0.97,nan,nan,A,289.8,16,A,450.8,13.2,0
LS8_00004,nan,nan,nan,nan,nan,A,1.39,0.27,99.7,3.01,0.96,nan,nan,A,297.9,16.7,A,450.8,13.5,0
LS8_00005,nan,nan,nan,nan,nan,A,1.37,0.31,99.4,2.83,0.88,nan,nan,A,301.4,18.3,A,450.8,13.8,0
LS8_00006,nan,nan,nan,nan,nan,A,1.2,0.24,100,2.25,0.73,nan,nan,A,302.8,18,A,450.8,13.7,0
LS8_00007,nan,nan,nan,nan,nan,A,1.3,0.26,100,2.36,0.79,nan,nan,A,300,17.5,A,450.8,14.1,0
LS8_00008,nan,nan,nan,nan,nan,A,1.23,0.24,100,2.51,0.84,nan,nan,A,303.2,18,A,450.8,14.1,0
LS8_00009,nan,nan,nan,nan,nan,A,1.17,0.24,100,2.45,0.75,nan,nan,A,311.3,18.4,A,450.8,14.3,0
LS8_00010,nan,nan,nan,nan,nan,A,1.16,0.26,100,2.53,0.73,nan,nan,A,314.7,18.9,A,450.8,14.4,0
LS8_00011,nan,nan,nan,nan,nan,A,1.12,0.22,100,2.09,0.78,nan,nan,A,316.6,18.9,A,450.8,14.6,0
LS8_00012,nan,nan,nan,nan,nan,B,1.35,0.33,98.8,3.41,0.83,nan,nan,A,319.5,18.9,A,450.8,14.7,0
LS7_00011,nan,nan,nan,nan,nan,A,1.18,0.13,100,1.83,0.91,nan,nan,A,308.4,16.6,A,450.4,13.2,0
LS7_00012,nan,nan,nan,nan,nan,A,1.18,0.15,100,1.76,0.79,nan,nan,A,307.9,16.3,A,450.4,13.2,0
LS7_00013,nan,nan,nan,nan,nan,A,1.18,0.14,100,2.22,0.75,nan,nan,A,311,16,A,450.4,13.2,0
LS7_00014,nan,nan,nan,nan,nan,A,1.13,0.13,100,1.57,0.69,nan,nan,A,310.6,16,A,450.4,13.2,0
LS7_00015,nan,nan,nan,nan,nan,A,1.16,0.13,100,1.86,0.77,nan,nan,A,311.7,16.4,A,450.4,13.2,0
LS7_00016,nan,nan,nan,nan,nan,A,1.17,0.13,100,1.98,0.7,nan,nan,A,312.2,16.2,A,450.4,13.3,0
LS7_00017,nan,nan,nan,nan,nan,A,1.15,0.13,100,1.51,0.78,nan,nan,A,312,16.1,A,450.4,13.2,0
LS7_00018,nan,nan,nan,nan,nan,A,1.17,0.14,100,2.1,0.83,nan,nan,A,313,16.1,A,450.4,13.3,0
LS7_00019,nan,nan,nan,nan,nan,A,1.15,0.13,100,1.6,0.79,nan,nan,A,313,16.1,A,450.4,12.9,0
LS7_00020,nan,nan,nan,nan,nan,A,1.15,0.16,99.6,2.93,0.83,nan,nan,A,312.9,16.2,A,450.4,13.2,0
LS7_00050,nan,nan,nan,nan,nan,A,1.15,0.18,100,1.77,0.67,nan,nan,A,314.7,17.2,A,450.4,14.2,0
LS7_00051,nan,nan,nan,nan,nan,A,1.16,0.17,100,1.7,0.68,nan,nan,A,314.6,17.3,A,450.4,14.3,0
LS7_00052,nan,nan,nan,nan,nan,A,1.15,0.17,100,1.78,0.67,nan,nan,A,314.5,17.2,A,450.3,14.2,0
LS7_00053,nan,nan,nan,nan,nan,A,1.16,0.18,100,1.78,0.61,nan,nan,A,313.9,17.2,A,450.3,14.1,0
LS7_00054,nan,nan,nan,nan,nan,A,1.16,0.2,100,1.76,0.69,nan,nan,A,312.8,17,A,450.4,14.1,0
LS7_00055,nan,nan,nan,nan,nan,A,1.08,0.11,100,1.52,0.77,nan,nan,A,314.7,17.1,A,450.3,14.2,0
LS7_00056,nan,nan,nan,nan,nan,A,1.07,0.13,100,1.59,0.62,nan,nan,A,315,17.2,A,450.4,14.2,0
LS7_00057,nan,nan,nan,nan,nan,A,1.09,0.15,100,1.64,0.63,nan,nan,A,315.5,17.4,A,450.4,14.3,0
LS7_00058,nan,nan,nan,nan,nan,A,1.12,0.15,100,1.63,0.67,nan,nan,A,316,17.2,A,450.3,14.3,0
LS7_00059,nan,nan,nan,nan,nan,A,1.1,0.14,100,1.77,0.7,nan,nan,A,315.6,17.4,A,450.4,14.3,0
LS7_00060,nan,nan,nan,nan,nan,A,1.1,0.15,100,1.68,0.73,nan,nan,A,315.6,17.4,A,450.3,14.3,0
LS7_00061,nan,nan,nan,nan,nan,A,1.14,0.2,100,2.17,0.65,nan,nan,A,315.2,17.3,A,450.3,14.3,0
LS7_00062,nan,nan,nan,nan,nan,A,1.16,0.18,100,2.16,0.71,nan,nan,A,315.6,17.7,A,450.4,14.4,0
LS7_00063,nan,nan,nan,nan,nan,A,1.19,0.2,99.7,2.71,0.77,nan,nan,A,315.8,17.4,A,450.3,14.3,0
LS7_00064,nan,nan,nan,nan,nan,A,1.16,0.17,100,1.85,0.8,nan,nan,A,313.2,17.7,A,450.5,14.2,0
LS7_00065,nan,nan,nan,nan,nan,A,1.12,0.17,100,1.72,0.67,nan,nan,A,312.8,17.3,A,450.3,14.1,0
LS7_00066,nan,nan,nan,nan,nan,A,1.2,0.2,100,1.87,0.72,nan,nan,A,314.5,17.4,A,450.3,14.3,0
LS7_00067,nan,nan,nan,nan,nan,A,1.19,0.2,100,1.96,0.66,nan,nan,A,314.8,17.7,A,450.4,14.4,0
LS7_00068,nan,nan,nan,nan,nan,A,1.23,0.18,100,1.9,0.91,nan,nan,A,315.8,17.9,A,450.4,14.5,0
LS7_00069,nan,nan,nan,nan,nan,A,1.25,0.18,100,1.93,0.75,nan,nan,A,318.6,16.7,A,450.5,13.6,0
LS7_00070,nan,nan,nan,nan,nan,A,1.24,0.21,100,2.33,0.72,nan,nan,A,314.9,17.5,A,450.4,14.3,0
LS7_00071,nan,nan,nan,nan,nan,A,1.25,0.19,100,2.01,0.93,nan,nan,A,316.6,17.7,A,450.4,14.5,0
LS7_00072,nan,nan,nan,nan,nan,A,1.24,0.19,100,2.26,0.8,nan,nan,A,318.3,17.5,A,450.4,14.5,0
LS7_00073,nan,nan,nan,nan,nan,A,1.24,0.21,100,2.03,0.73,nan,nan,A,315.3,17.7,A,450.5,14.4,0
LS7_00074,nan,nan,nan,nan,nan,A,1.19,0.22,100,1.97,0.75,nan,nan,A,317.4,17.7,A,450.5,14.5,0
LS7_00075,nan,nan,nan,nan,nan,A,1.24,0.2,100,2.06,0.84,nan,nan,A,316.9,17.6,A,450.4,14.4,0
LS7_00076,nan,nan,nan,nan,nan,A,1.22,0.22,100,2.18,0.77,nan,nan,A,315,17.5,A,450.4,14.4,0
LS7_00077,nan,nan,nan,nan,nan,A,1.13,0.17,100,1.75,0.71,nan,nan,A,314.2,17.8,A,450.5,14.4,0
LS7_00078,nan,nan,nan,nan,nan,A,1.17,0.18,100,1.84,0.72,nan,nan,A,315.4,16.9,A,450.5,13.5,0
LS7_00079,nan,nan,nan,nan,nan,A,1.2,0.17,100,1.93,0.71,nan,nan,A,316.4,16.5,A,450.5,13.5,0
LS7_00080,nan,nan,nan,nan,nan,A,1.26,0.15,100,1.86,0.76,nan,nan,A,317.7,16.7,A,450.4,13.6,0
LS7_00081,nan,nan,nan,nan,nan,A,1.21,0.14,100,1.77,0.82,nan,nan,A,316.9,17.7,A,450.4,14.5,0
LS7_00082,nan,nan,nan,nan,nan,A,1.25,0.16,100,1.8,0.77,nan,nan,A,317.8,17.9,A,450.4,14.7,0
LS7_00083,nan,nan,nan,nan,nan,A,1.25,0.18,100,1.84,0.8,nan,nan,A,317.2,17.8,A,450.5,14.5,0
LS7_00084,nan,nan,nan,nan,nan,A,1.26,0.17,100,1.92,0.77,nan,nan,A,317.5,18,A,450.4,14.6,0
LS7_00085,nan,nan,nan,nan,nan,A,1.3,0.16,100,2.03,0.88,nan,nan,A,319.5,16.7,A,450.7,13.4,0
LS6_00001,nan,nan,nan,nan,nan,A,1.38,0.22,100,2.2,0.76,nan,nan,A,305,16.1,A,450.6,13.5,0
LS6_00002,nan,nan,nan,nan,nan,A,1.21,0.22,100,2.36,0.76,nan,nan,A,294.8,15,A,450.7,12.8,0
LS6_00003,nan,nan,nan,nan,nan,A,1.15,0.19,99.3,3.19,0.75,nan,nan,A,292,15.1,A,450.7,12.8,0
LS6_00004,nan,nan,nan,nan,nan,A,1.15,0.2,100,1.85,0.67,nan,nan,A,293.1,15.3,A,450.7,12.9,0
LS6_00005,nan,nan,nan,nan,nan,A,1.22,0.25,99.6,2.62,0.68,nan,nan,A,295.9,15.1,A,450.7,12.9,0
LS6_00006,nan,nan,nan,nan,nan,A,1.16,0.19,99.6,2.62,0.68,nan,nan,A,297.9,15.2,A,450.7,13,0
LS6_00007,nan,nan,nan,nan,nan,A,1.2,0.24,99.3,2.87,0.8,nan,nan,A,299.6,15.2,A,450.7,13,0
LS6_00008,nan,nan,nan,nan,nan,A,1.43,0.22,100,2.51,0.95,nan,nan,A,308.2,15.2,A,450.7,13.2,0
LS6_00009,nan,nan,nan,nan,nan,A,1.13,0.22,100,2.44,0.71,nan,nan,A,299.6,15.6,A,450.7,13,0
LS6_00010,nan,nan,nan,nan,nan,A,1.19,0.19,99.6,3.15,0.75,nan,nan,A,302.5,15.5,A,450.7,13,0
LS6_00011,nan,nan,nan,nan,nan,A,1.14,0.19,99.3,3.14,0.74,nan,nan,A,303.8,15.3,A,450.7,13.1,0
LS6_00012,nan,nan,nan,nan,nan,A,1.16,0.13,100,2.38,0.84,nan,nan,A,306.4,15.6,A,450.6,13.1,0
LS6_00013,nan,nan,nan,nan,nan,A,1.15,0.13,99.6,3.13,0.77,nan,nan,A,305.6,15.5,A,450.7,13.2,0
LS6_00014,nan,nan,nan,nan,nan,A,1.16,0.14,100,2,0.68,nan,nan,A,306.7,15.3,A,450.7,13.1,0
LS6_00015,nan,nan,nan,nan,nan,A,1.15,0.13,100,1.76,0.73,nan,nan,A,308.4,15.5,A,450.6,13.2,0
LS6_00016,nan,nan,nan,nan,nan,A,1.17,0.14,100,1.99,0.76,nan,nan,A,307.3,16,A,450.7,13.2,0
LS6_00017,nan,nan,nan,nan,nan,A,1.17,0.15,100,1.95,0.82,nan,nan,A,308.7,15.8,A,450.6,13.2,0
LS6_00018,nan,nan,nan,nan,nan,A,1.13,0.13,100,1.99,0.85,nan,nan,A,306.4,15.5,A,450.6,13.1,0
LS6_00019,nan,nan,nan,nan,nan,A,1.19,0.13,100,2.12,0.83,nan,nan,A,309.7,15.7,A,450.6,13.2,0
LS6_00033,nan,nan,nan,nan,nan,A,1.21,0.15,100,1.95,0.8,nan,nan,A,312.4,15.8,A,450.6,13.2,0
LS6_00034,nan,nan,nan,nan,nan,A,1.19,0.17,100,1.92,0.78,nan,nan,A,312,15.8,A,450.4,13.4,0
LS6_00035,nan,nan,nan,nan,nan,A,1.24,0.15,100,2.02,0.81,nan,nan,A,311.1,16.1,A,450.6,13.3,0
LS6_00036,nan,nan,nan,nan,nan,A,1.28,0.19,100,2.49,0.83,nan,nan,A,312.4,16,A,450.7,13.2,0
LS6_00037,nan,nan,nan,nan,nan,A,1.32,0.18,100,2.19,0.9,nan,nan,A,314.4,15.7,A,450.6,13.2,0
LS6_00038,nan,nan,nan,nan,nan,A,1.35,0.27,99.6,2.71,0.79,nan,nan,A,312.8,15.6,A,450.7,13.2,0
LS6_00039,nan,nan,nan,nan,nan,A,1.33,0.21,100,2.48,0.89,nan,nan,A,312.3,16,A,450.7,13.2,0
LS6_00040,nan,nan,nan,nan,nan,A,1.49,0.24,99,2.89,0.96,nan,nan,A,317.6,15.9,A,450.6,13.3,0
LS6_00041,nan,nan,nan,nan,nan,A,1.35,0.17,100,2.23,1,nan,nan,A,313.8,15.7,A,450.6,13.2,0
LS6_00042,nan,nan,nan,nan,nan,A,1.35,0.15,100,2.13,1.03,nan,nan,A,312.9,15.8,A,450.6,13.3,0
LS6_00043,nan,nan,nan,nan,nan,A,1.36,0.23,100,2.54,0.89,nan,nan,A,313,15.7,A,450.5,13.2,0
LS6_00044,nan,nan,nan,nan,nan,B,1.82,0.23,98.6,3.26,1.14,nan,nan,A,327.1,15.9,A,450.5,13.4,0
LS6_00045,nan,nan,nan,nan,nan,A,1.26,0.19,100,2.17,0.81,nan,nan,A,310.2,15.3,A,450.6,13.1,0
LS6_00046,nan,nan,nan,nan,nan,B,1.37,0.27,98.6,2.82,0.96,nan,nan,A,312.3,16,A,450.6,13.1,0
LS6_00047,nan,nan,nan,nan,nan,A,1.39,0.28,99.6,2.95,0.82,nan,nan,A,313.8,16,A,450.6,13.2,0
LS6_00048,nan,nan,nan,nan,nan,A,1.41,0.23,99.3,2.93,0.98,nan,nan,A,314.1,16.3,A,450.6,13.3,-1
LS6_00049,nan,nan,nan,nan,nan,A,1.45,0.26,99,2.76,0.93,nan,nan,A,315.6,16.2,A,450.6,13.3,0
LS6_00050,nan,nan,nan,nan,nan,A,1.34,0.21,100,2.54,0.91,nan,nan,A,312.9,16.1,A,450.6,13.2,0
LS6_00051,nan,nan,nan,nan,nan,A,1.37,0.24,100,2.48,0.76,nan,nan,A,314.2,15.8,A,450.5,13.2,0
LS6_00052,nan,nan,nan,nan,nan,A,1.35,0.25,99,2.84,0.87,nan,nan,A,313.8,15.8,A,450.6,13.2,0
LS6_00053,nan,nan,nan,nan,nan,A,1.34,0.22,100,2.35,0.86,nan,nan,A,315,15.9,A,450.6,13.3,0
LS6_00054,nan,nan,nan,nan,nan,A,1.36,0.23,99.3,2.87,0.82,nan,nan,A,314.8,15.7,A,450.5,13.3,0
LS6_00055,nan,nan,nan,nan,nan,A,1.32,0.2,100,2.54,0.83,nan,nan,A,313.7,15.9,A,450.6,13.2,0
LS6_00056,nan,nan,nan,nan,nan,A,1.33,0.21,100,2.55,0.92,nan,nan,A,314.3,15.8,A,450.5,13.3,0
LS6_00057,nan,nan,nan,nan,nan,A,1.3,0.21,100,2.45,0.87,nan,nan,A,314.4,16,A,450.5,13.3,0
LS6_00058,nan,nan,nan,nan,nan,A,1.29,0.18,100,2.18,0.81,nan,nan,A,314.1,16,A,450.5,13.4,0
LS6_00059,nan,nan,nan,nan,nan,A,1.28,0.18,100,2.18,0.85,nan,nan,A,314,15.8,A,450.5,13.3,0
LS6_00060,nan,nan,nan,nan,nan,A,1.26,0.17,100,2.3,0.9,nan,nan,A,315.3,15.6,A,450.6,13.3,0
LS6_00061,nan,nan,nan,nan,nan,A,1.22,0.13,100,1.9,0.93,nan,nan,A,314.2,15.9,A,450.5,13.3,0
LS6_00062,nan,nan,nan,nan,nan,A,1.27,0.2,100,2.55,0.83,nan,nan,A,314.1,15.8,A,450.6,13.2,0
LS6_00063,nan,nan,nan,nan,nan,A,1.26,0.19,100,2.15,0.79,nan,nan,A,313.2,15.9,A,450.5,13.3,0
LS6_00064,nan,nan,nan,nan,nan,A,1.28,0.21,100,2.49,0.78,nan,nan,A,314.1,16.1,A,450.6,13.4,0
LS6_00065,nan,nan,nan,nan,nan,A,1.29,0.21,100,2.52,0.8,nan,nan,A,313.9,16.1,A,450.6,13.3,0
LS6_00066,nan,nan,nan,nan,nan,A,1.29,0.26,99.6,2.68,0.91,nan,nan,A,315,15.8,A,450.5,13.3,0
LS6_00067,nan,nan,nan,nan,nan,A,1.25,0.2,100,2.39,0.8,nan,nan,A,314.2,16.1,A,450.5,13.3,0
LS6_00068,nan,nan,nan,nan,nan,A,1.22,0.21,99.6,2.77,0.89,nan,nan,A,313.9,16,A,450.5,13.3,0
LS6_00069,nan,nan,nan,nan,nan,A,1.24,0.19,100,2.46,0.87,nan,nan,A,314,15.7,A,450.5,13.3,0
LS6_00070,nan,nan,nan,nan,nan,A,1.22,0.22,99.3,3.4,0.77,nan,nan,A,312.8,16.1,A,450.5,13.4,0
LS6_00071,nan,nan,nan,nan,nan,A,1.22,0.16,100,2.24,0.91,nan,nan,A,314.6,15.8,A,450.5,13.1,0
LS6_00072,nan,nan,nan,nan,nan,A,1.19,0.19,100,2.08,0.68,nan,nan,A,312.2,16.4,A,450.5,13.7,0
LS6_00073,nan,nan,nan,nan,nan,A,1.23,0.22,99.6,2.84,0.91,nan,nan,A,313.4,15.9,A,450.5,13.3,0
LS6_00074,nan,nan,nan,nan,nan,A,1.25,0.15,100,1.98,0.93,nan,nan,A,313.6,16.2,A,450.6,13.3,0
LS6_00075,nan,nan,nan,nan,nan,A,1.25,0.13,100,2.26,0.92,nan,nan,A,315.9,15.7,A,450.6,13.4,0
LS6_00076,nan,nan,nan,nan,nan,A,1.28,0.16,100,2.38,0.93,nan,nan,A,315,16,A,450.6,13.4,0
LS6_00077,nan,nan,nan,nan,nan,A,1.22,0.13,100,1.98,0.91,nan,nan,A,315.1,15.3,A,450.6,13,0
LS6_00078,nan,nan,nan,nan,nan,A,1.22,0.18,99.6,2.77,0.86,nan,nan,A,314.5,16,A,450.6,13.3,0
LS6_00079,nan,nan,nan,nan,nan,A,1.22,0.2,99.3,3.14,0.8,nan,nan,A,314.2,16.2,A,450.6,13.4,0
LS6_00080,nan,nan,nan,nan,nan,A,1.21,0.13,100,1.75,0.84,nan,nan,A,313.4,16.5,A,450.5,13.5,0
LS6_00081,nan,nan,nan,nan,nan,A,1.2,0.15,100,1.95,0.93,nan,nan,A,313.7,16.2,A,450.6,13.3,0
LS6_00082,nan,nan,nan,nan,nan,A,1.21,0.15,99.3,2.71,0.77,nan,nan,A,313.9,15.7,A,450.6,13.3,0
LS6_00083,nan,nan,nan,nan,nan,A,1.18,0.13,100,2.06,0.9,nan,nan,A,313.5,15.7,A,450.6,13.3,0
LS6_00084,nan,nan,nan,nan,nan,A,1.21,0.15,100,2.17,0.95,nan,nan,A,313.8,16.1,A,450.6,13.3,0
LS6_00085,nan,nan,nan,nan,nan,A,1.21,0.17,100,2.44,0.85,nan,nan,A,315.5,16,A,450.6,13.4,0
LE7_00011,nan,nan,nan,nan,nan,A,1.09,0.16,100,1.8,0.66,nan,nan,A,314.7,16.1,A,450.5,13.2,480.1
LE7_00012,nan,nan,nan,nan,nan,A,1.06,0.13,100,1.71,0.71,nan,nan,A,313.8,16,A,450.5,13.1,480
LE7_00013,nan,nan,nan,nan,nan,A,1.08,0.15,99.6,2.78,0.72,nan,nan,A,316.4,15.8,A,450.5,13.2,480.1
LE7_00014,nan,nan,nan,nan,nan,A,1.11,0.13,100,1.64,0.75,nan,nan,A,317.5,16.1,A,450.5,13.3,480.1
LE7_00015,nan,nan,nan,nan,nan,A,1.1,0.15,100,1.82,0.69,nan,nan,A,315.4,15.7,A,450.5,13.2,480.1
LE7_00016,nan,nan,nan,nan,nan,A,1.12,0.15,100,1.98,0.76,nan,nan,A,316.3,16.1,A,450.5,13.2,480.1
LE7_00017,nan,nan,nan,nan,nan,A,1.09,0.13,100,1.65,0.65,nan,nan,A,317.6,15.4,A,450.5,12.9,480.1
LE7_00018,nan,nan,nan,nan,nan,A,1.15,0.16,100,2.37,0.71,nan,nan,A,318.2,15.9,A,450.5,13.3,480.1
LE7_00019,nan,nan,nan,nan,nan,A,1.16,0.12,100,2.51,0.77,nan,nan,A,318.7,16,A,450.4,13.2,480.1
LE7_00020,nan,nan,nan,nan,nan,A,1.15,0.22,99.3,3.11,0.66,nan,nan,A,317.7,16.2,A,450.5,13.3,480
LE7_00046,nan,nan,nan,nan,nan,A,1.27,0.22,100,2.18,0.82,nan,nan,A,321.1,16.4,A,450.6,13.4,480.2
LE7_00047,nan,nan,nan,nan,nan,A,1.2,0.18,100,2.16,0.71,nan,nan,A,321.4,16,A,450.6,13.4,480.2
LE7_00048,nan,nan,nan,nan,nan,A,1.21,0.2,100,1.98,0.8,nan,nan,A,321.3,16,A,450.6,13.4,480.2
LE7_00049,nan,nan,nan,nan,nan,A,1.21,0.18,100,2.11,0.73,nan,nan,A,319.8,16.4,A,450.6,13.3,480.1
LE7_00050,nan,nan,nan,nan,nan,A,1.24,0.17,100,2.14,0.73,nan,nan,A,321.7,15.9,A,450.6,13.4,480.1
LE7_00051,nan,nan,nan,nan,nan,A,1.17,0.14,100,1.76,0.78,nan,nan,A,321.4,15.7,A,450.5,13.3,480.1
LE7_00052,nan,nan,nan,nan,nan,A,1.15,0.13,100,1.66,0.73,nan,nan,A,321.6,15.8,A,450.5,13.4,480.1
LE7_00053,nan,nan,nan,nan,nan,A,1.29,0.19,100,1.95,0.75,nan,nan,A,327.6,16.4,A,450.5,13.6,480.2
LE7_00054,nan,nan,nan,nan,nan,A,1.2,0.16,100,1.86,0.84,nan,nan,A,320.6,15.8,A,450.6,13.3,480.2
LE7_00055,nan,nan,nan,nan,nan,A,1.16,0.16,100,1.8,0.75,nan,nan,A,320.7,15.8,A,450.5,13.3,480.2
LE7_00056,nan,nan,nan,nan,nan,A,1.13,0.18,100,1.72,0.76,nan,nan,A,321.5,15.7,A,450.6,13.4,480.3
LE7_00057,nan,nan,nan,nan,nan,A,1.15,0.14,100,1.65,0.71,nan,nan,A,321.6,16.3,A,450.7,13.4,480.3
LE7_00058,nan,nan,nan,nan,nan,A,1.18,0.18,100,1.82,0.78,nan,nan,A,321.8,16.1,A,450.7,13.5,480.3
LE7_00059,nan,nan,nan,nan,nan,A,1.13,0.17,100,1.73,0.63,nan,nan,A,317.4,16.6,A,450.6,13.3,480.3
LE7_00060,nan,nan,nan,nan,nan,A,1.14,0.16,100,1.86,0.73,nan,nan,A,321,15.9,A,450.4,13.4,480.1
LE7_00061,nan,nan,nan,nan,nan,A,1.13,0.18,100,1.75,0.7,nan,nan,A,321.4,16.1,A,450.5,13.4,480.2
LE7_00062,nan,nan,nan,nan,nan,A,1.13,0.16,100,1.78,0.57,nan,nan,A,321,16.3,A,450.5,13.5,480.2
LE7_00063,nan,nan,nan,nan,nan,A,1.11,0.15,100,1.61,0.61,nan,nan,A,320.5,16.1,A,450.5,13.4,480.2
LE7_00064,nan,nan,nan,nan,nan,A,1.13,0.15,100,1.6,0.76,nan,nan,A,321.9,15.9,A,450.6,13.5,480.2
LE7_00065,nan,nan,nan,nan,nan,A,1.13,0.19,100,1.84,0.47,nan,nan,A,321.4,16.3,A,450.6,13.5,480.3
LE7_00066,nan,nan,nan,nan,nan,A,1.19,0.2,100,1.95,0.65,nan,nan,A,321.5,16.4,A,450.5,13.5,480.2
LE7_00067,nan,nan,nan,nan,nan,A,1.12,0.15,100,1.7,0.61,nan,nan,A,322.1,15.7,A,450.5,13.1,480.1
LE7_00068,nan,nan,nan,nan,nan,A,1.08,0.16,100,1.58,0.68,nan,nan,A,319,16.7,A,450.4,13.4,480
LE7_00069,nan,nan,nan,nan,nan,A,1.03,0.24,100,1.77,0.54,nan,nan,A,321.4,17.8,A,450.6,13.4,480.2
LE7_00070,nan,nan,nan,nan,nan,A,1.22,0.18,100,1.9,0.72,nan,nan,A,324.1,15.7,A,450.6,13.5,480.2
LE7_00071,nan,nan,nan,nan,nan,A,1.08,0.13,100,1.6,0.71,nan,nan,A,319.3,16.3,A,450.6,13.3,480.2
LE7_00072,nan,nan,nan,nan,nan,A,1.14,0.15,100,1.73,0.8,nan,nan,A,320.5,17,A,450.6,14,480.2
LE7_00073,nan,nan,nan,nan,nan,A,1.12,0.15,100,1.75,0.72,nan,nan,A,318.3,16.2,A,450.6,13.3,480.2
LE7_00074,nan,nan,nan,nan,nan,A,1.14,0.16,100,1.78,0.74,nan,nan,A,321.1,16.1,A,450.5,13.5,480.2
LE7_00075,nan,nan,nan,nan,nan,A,1.14,0.15,100,1.64,0.77,nan,nan,A,321,16,A,450.6,13.4,480.2
LE7_00076,nan,nan,nan,nan,nan,A,1.13,0.13,100,1.56,0.78,nan,nan,A,321.1,15.9,A,450.7,13.4,480.3
LE7_00077,nan,nan,nan,nan,nan,A,1.13,0.18,99.6,2.73,0.64,nan,nan,A,320.5,16.3,A,450.7,13.4,480.3
LE7_00078,nan,nan,nan,nan,nan,A,1.18,0.2,100,1.92,0.59,nan,nan,A,322,15.9,A,450.5,13.4,480.2
LE7_00079,nan,nan,nan,nan,nan,A,1.18,0.15,100,1.93,0.63,nan,nan,A,321.6,16.7,A,450.2,13.6,479.7
LE7_00080,nan,nan,nan,nan,nan,A,1.18,0.16,100,1.68,0.56,nan,nan,A,321.5,16.1,A,450.5,13.4,480.2
LE7_00081,nan,nan,nan,nan,nan,A,1.15,0.19,100,1.84,0.6,nan,nan,A,319.8,16.4,A,450.6,13.4,480.2
LE7_00082,nan,nan,nan,nan,nan,A,1.15,0.24,99.3,3.91,0.36,nan,nan,A,321.9,16.6,A,450.6,13.5,480.2
LE7_00083,nan,nan,nan,nan,nan,A,1.15,0.16,100,1.93,0.57,nan,nan,A,320.7,16.5,A,450.6,13.5,480.3
LE7_00084,nan,nan,nan,nan,nan,A,1.16,0.2,100,1.72,0.56,nan,nan,A,321.1,16.3,A,450.7,13.5,480.3
LE7_00085,nan,nan,nan,nan,nan,A,1.21,0.19,100,1.76,0.61,nan,nan,A,325.9,16.4,A,450.7,13.6,480.3
LE6_00001,nan,nan,nan,nan,nan,A,0.88,0.16,100,1.56,0.52,nan,nan,A,299.9,15.3,A,450.6,13.1,485.2
LE6_00005,nan,nan,nan,nan,nan,A,1.02,0.18,100,2.39,0.54,nan,nan,A,286.8,15.3,A,450.5,13.1,485.1
LE6_00010,nan,nan,nan,nan,nan,A,0.83,0.15,100,1.89,0.5,nan,nan,A,300.8,15.7,A,450.6,13,485.2
LE6_00019,nan,nan,nan,nan,nan,A,0.74,0.06,100,0.92,0.52,nan,nan,A,312.1,16.2,A,450.6,13.1,485.2
LE6_00023,nan,nan,nan,nan,nan,A,0.75,0.19,100,2.25,0.55,nan,nan,A,312.9,16.3,A,450.6,13.4,485.2
LE6_00032,nan,nan,nan,nan,nan,A,0.74,0.07,100,1.35,0.49,nan,nan,A,314.3,16.2,A,450.4,13.2,485.1
LE6_00034,nan,nan,nan,nan,nan,A,0.84,0.15,100,1.48,0.4,nan,nan,A,314.5,16.4,A,450.6,13.4,485.2
LE6_00035,nan,nan,nan,nan,nan,A,0.78,0.13,100,1.43,0.38,nan,nan,A,312.6,16.4,A,450.6,13.2,485.3
LE6_00036,nan,nan,nan,nan,nan,A,0.82,0.17,100,1.78,0.41,nan,nan,A,315.2,16.3,A,450.6,13.4,485.3
LE6_00037,nan,nan,nan,nan,nan,A,0.84,0.15,100,1.63,0.37,nan,nan,A,314.8,16.2,A,450.6,13.3,485.3
LE6_00038,nan,nan,nan,nan,nan,A,0.86,0.19,100,1.66,0.4,nan,nan,A,314.4,16.2,A,450.7,13.3,485.3
LE6_00039,nan,nan,nan,nan,nan,A,0.82,0.16,100,1.65,0.37,nan,nan,A,316.1,16.1,A,450.6,13,485.3
LE6_00040,nan,nan,nan,nan,nan,A,0.86,0.18,100,1.78,0.43,nan,nan,A,316.6,16.1,A,450.7,13.3,485.4
LE6_00041,nan,nan,nan,nan,nan,A,0.88,0.2,100,1.76,0.31,nan,nan,A,315.3,16.5,A,450.7,13.4,485.3
LE6_00042,nan,nan,nan,nan,nan,A,0.82,0.14,100,1.38,0.44,nan,nan,A,315.2,16.2,A,450.6,13.3,485.2
LE6_00043,nan,nan,nan,nan,nan,A,0.79,0.11,100,1.19,0.41,nan,nan,A,314.8,16.3,A,450.6,13.3,485.2
LE6_00044,nan,nan,nan,nan,nan,A,0.82,0.15,100,1.57,0.37,nan,nan,A,315.8,16.1,A,450.6,13.4,485.2
LE6_00045,nan,nan,nan,nan,nan,A,0.81,0.14,100,1.37,0.37,nan,nan,A,313.2,16.2,A,450.6,13.2,485.2
LE6_00046,nan,nan,nan,nan,nan,A,0.78,0.13,100,1.28,0.4,nan,nan,A,310.9,16.1,A,450.6,13.2,485.3
LE6_00047,nan,nan,nan,nan,nan,A,0.81,0.14,100,1.52,0.37,nan,nan,A,314.1,16.1,A,450.6,13.3,485.2
LE6_00048,nan,nan,nan,nan,nan,A,0.78,0.15,100,1.6,0.38,nan,nan,A,314,16.2,A,450.6,13.3,485.2
LE6_00049,nan,nan,nan,nan,nan,A,0.79,0.16,100,1.76,0.41,nan,nan,A,313.5,16.2,A,450.6,13.2,485.2
LE6_00050,nan,nan,nan,nan,nan,A,0.75,0.12,100,1.28,0.38,nan,nan,A,312.9,16,A,450.5,13.2,485.2
LE6_00051,nan,nan,nan,nan,nan,A,0.76,0.13,100,1.35,0.37,nan,nan,A,312.9,16.9,A,450.5,14.1,485.2
LE6_00052,nan,nan,nan,nan,nan,A,0.76,0.14,100,1.75,0.36,nan,nan,A,308.7,16.9,A,450.6,13.3,485.2
LE6_00053,nan,nan,nan,nan,nan,A,0.77,0.12,100,1.42,0.4,nan,nan,A,312.7,16.3,A,450.6,13.2,485.2
LE6_00054,nan,nan,nan,nan,nan,A,0.74,0.11,100,1.32,0.39,nan,nan,A,312.6,15.9,A,450.6,13.3,485.2
LE6_00055,nan,nan,nan,nan,nan,A,0.71,0.1,100,1.26,0.36,nan,nan,A,312.1,16.2,A,450.6,13.3,485.3
LE6_00056,nan,nan,nan,nan,nan,A,0.76,0.16,100,1.66,0.36,nan,nan,A,312.8,16,A,450.6,13.3,485.3
LE6_00057,nan,nan,nan,nan,nan,A,0.79,0.18,100,1.92,0.38,nan,nan,A,313.5,16.3,A,450.6,13.3,485.2
LE6_00058,nan,nan,nan,nan,nan,A,0.77,0.16,100,1.63,0.34,nan,nan,A,313,16.1,A,450.6,13.3,485.3
LE6_00059,nan,nan,nan,nan,nan,A,0.73,0.1,100,1.18,0.4,nan,nan,A,314,16.6,A,450.6,14.2,485.3
LE6_00060,nan,nan,nan,nan,nan,A,0.74,0.12,100,1.27,0.32,nan,nan,A,314,16,A,450.7,13.4,485.3
LE6_00061,nan,nan,nan,nan,nan,A,0.78,0.1,100,1.24,0.39,nan,nan,A,312.2,16.3,A,450.6,13.3,485.3
LE6_00062,nan,nan,nan,nan,nan,A,0.8,0.13,100,1.91,0.4,nan,nan,A,314.9,16.3,A,450.7,13.4,485.4
LE6_00063,nan,nan,nan,nan,nan,A,0.77,0.14,100,2.06,0.43,nan,nan,A,315,16.2,A,450.7,13.5,485.3
LE6_00064,nan,nan,nan,nan,nan,A,0.78,0.14,100,1.5,0.38,nan,nan,A,312.7,16.6,A,450.6,13.4,485.3
LE6_00065,nan,nan,nan,nan,nan,A,0.78,0.14,100,1.5,0.42,nan,nan,A,314.5,16.5,A,450.6,13.5,485.3
LE6_00066,nan,nan,nan,nan,nan,A,0.79,0.18,100,1.94,0.49,nan,nan,A,312.3,16.2,A,450.7,13.3,485.3
LE6_00067,nan,nan,nan,nan,nan,A,0.78,0.18,99,28.95,0.52,nan,nan,A,313.6,16.1,A,450.7,13.4,485.4
LE6_00068,nan,nan,nan,nan,nan,A,0.75,0.1,100,1.22,0.52,nan,nan,A,309.5,16.4,A,450.6,13.3,485.2
LE6_00069,nan,nan,nan,nan,nan,A,0.74,0.11,100,1.48,0.54,nan,nan,A,312.8,15.9,A,450.5,13.1,485.1
LE6_00070,nan,nan,nan,nan,nan,A,0.78,0.1,100,1.34,0.53,nan,nan,A,314.5,17.3,A,450.6,14.7,485.2
LE6_00071,nan,nan,nan,nan,nan,A,0.73,0.13,100,2.24,0.56,nan,nan,A,312.1,16.2,A,450.5,13.4,485.1
LE6_00072,nan,nan,nan,nan,nan,A,0.73,0.11,100,1.87,0.49,nan,nan,A,312.3,15.9,A,450.5,13.3,485.1
LE6_00073,nan,nan,nan,nan,nan,A,0.72,0.07,100,1.16,0.51,nan,nan,A,313.2,16.7,A,450.5,13.4,485.2
LE6_00074,nan,nan,nan,nan,nan,A,0.76,0.1,100,1.34,0.56,nan,nan,A,316.9,16,A,450.6,13.4,485.2
LE6_00075,nan,nan,nan,nan,nan,A,0.74,0.09,100,1.51,0.57,nan,nan,A,314.4,16.4,A,450.5,13.5,485.2
LE6_00076,nan,nan,nan,nan,nan,A,0.79,0.14,100,2.34,0.56,nan,nan,A,317.7,16.2,A,450.5,13.4,485.1
LE6_00077,nan,nan,nan,nan,nan,A,0.81,0.14,100,1.44,0.58,nan,nan,A,314.5,16.5,A,450.6,13.4,485.3
LE6_00078,nan,nan,nan,nan,nan,A,0.73,0.18,100,2.38,0.46,nan,nan,A,307.9,17.1,A,450.4,14,485.1
LE6_00079,nan,nan,nan,nan,nan,A,0.75,0.1,100,1.23,0.45,nan,nan,A,312.8,16.9,A,450.6,13.5,485.2
LE6_00080,nan,nan,nan,nan,nan,A,0.78,0.11,100,1.38,0.5,nan,nan,A,312.9,16.2,A,450.6,13.3,485.2
LE6_00081,nan,nan,nan,nan,nan,A,0.82,0.18,100,1.81,0.5,nan,nan,A,312.1,16.4,A,450.6,13.3,485.2
LE6_00082,nan,nan,nan,nan,nan,A,0.76,0.11,100,1.46,0.53,nan,nan,A,312.8,16.4,A,450.6,13.4,485.2
LE6_00083,nan,nan,nan,nan,nan,A,0.77,0.1,100,1.16,0.52,nan,nan,A,313.4,16.1,A,450.6,13.4,485.3
LE6_00084,nan,nan,nan,nan,nan,A,0.81,0.14,100,1.54,0.51,2.530000,3.700000,A,313.3,16.4,A,450.6,13.5,485.2
LE6_00085,nan,nan,nan,nan,nan,A,0.78,0.08,100,1.17,0.57,nan,nan,A,311.9,17.1,A,450.5,14.2,485.1
LE2_00003,nan,nan,nan,nan,nan,C,0.36,0.15,76.1,1.05,0.21,nan,nan,B,0,20,B,0,20,-1
LE2_00004,nan,nan,nan,nan,nan,C,0.37,0.14,81.2,1.05,0.22,nan,nan,B,0,20,B,0,20,-1
LE2_00005,nan,nan,nan,nan,nan,C,0.33,0.08,93.4,0.75,0.22,nan,nan,B,0,20,B,0,20,-1
LE2_00012,nan,nan,nan,nan,nan,C,0.4,0.18,88.1,1.64,0.23,nan,nan,B,0,20,B,0,20,-1
LE2_00013,nan,nan,nan,nan,nan,C,0.36,0.13,83.3,0.9,0.21,nan,nan,nan,-1,-1,nan,-1,-1,-1
LE2_00014,nan,nan,nan,nan,nan,C,0.36,0.13,84.9,0.99,0.22,nan,nan,B,0,20,B,0,20,-1
LE2_00015,nan,nan,nan,nan,nan,A,0.45,0.22,99.2,1.67,0.27,nan,nan,B,0,20,B,0,20,-1
LE2_00080,nan,nan,nan,nan,nan,C,0.4,0.2,93.9,1.63,0.25,nan,nan,B,0,20,B,0,20,-1
LE2_00081,nan,nan,nan,nan,nan,C,0.41,0.23,86.9,1.71,0.25,nan,nan,B,0,20,B,0,20,-1
LE2_00082,nan,nan,nan,nan,nan,C,0.39,0.14,93.8,1.21,0.24,nan,nan,nan,-1,-1,nan,-1,-1,-1
LE2_00083,nan,nan,nan,nan,nan,B,0.47,0.29,96.9,1.77,0.23,nan,nan,nan,-1,-1,nan,-1,-1,-1
LE2_00084,nan,nan,nan,nan,nan,B,0.55,0.31,97.6,1.8,0.24,nan,nan,B,0,20,B,0,20,-1
LE1_00003,nan,nan,nan,nan,nan,C,0.35,0.15,63.1,1.03,0.18,nan,nan,A,286.4,15.8,A,450.5,13.5,-1
LE1_00004,nan,nan,nan,nan,nan,C,0.34,0.14,66.6,0.86,0.21,nan,nan,A,287.3,16.7,A,450.2,13.7,-1
LE1_00005,nan,nan,nan,nan,nan,C,0.33,0.12,70.7,0.95,0.18,nan,nan,A,290,15.9,A,450.6,13.3,-1
LE1_00012,nan,nan,nan,nan,nan,C,0.32,0.11,63.9,0.87,0.2,nan,nan,A,301.2,16.5,A,450.7,13.6,-1
LE1_00013,nan,nan,nan,nan,nan,C,0.37,0.16,74.1,1.31,0.18,nan,nan,A,300.2,18.1,A,450.7,14.7,-1
LE1_00014,nan,nan,nan,nan,nan,C,0.39,0.17,70.8,1.07,0.2,nan,nan,A,300.3,17.1,A,450.5,14.1,-1
LE1_00015,nan,nan,nan,nan,nan,C,0.44,0.22,85.7,1.24,0.18,nan,nan,A,299,16.7,A,450.6,13.9,-1
LE1_00080,nan,nan,nan,nan,nan,C,0.4,0.27,79.7,1.89,0.21,nan,nan,A,312.9,23.2,A,450.5,15.1,-1
LE1_00081,nan,nan,nan,nan,nan,C,0.39,0.17,84.7,1.24,0.21,nan,nan,A,315.1,24.8,A,450.5,15.4,-1
LE1_00082,nan,nan,nan,nan,nan,C,0.37,0.17,83.9,1.18,0.2,nan,nan,A,312.1,24.2,A,450.6,15.8,-1
LE1_00083,nan,nan,nan,nan,nan,C,0.48,0.29,89.7,1.77,0.19,nan,nan,A,314.3,25.3,A,450.5,15.3,-1
LE1_00084,nan,nan,nan,nan,nan,B,0.69,0.37,95.6,1.83,0.2,nan,nan,A,314.7,26.5,A,450.5,15.6,-1
